
38;
41;
38;41;
6;
6;38;
6;41;
6;38;41;
55;
38;55;
41;55;
38;41;55;
6;55;
6;38;55;
6;41;55;
6;38;41;55;
60;
38;60;
41;60;
38;41;60;
6;60;
6;38;60;
6;41;60;
6;38;41;60;
55;60;
38;55;60;
41;55;60;
38;41;55;60;
6;55;60;
6;38;55;60;
6;41;55;60;
6;38;41;55;60;
9;
9;38;
9;41;
9;38;41;
6;9;
6;9;38;
6;9;41;
6;9;38;41;
9;55;
9;38;55;
9;41;55;
9;38;41;55;
6;9;55;
6;9;38;55;
6;9;41;55;
6;9;38;41;55;
9;60;
9;38;60;
9;41;60;
9;38;41;60;
6;9;60;
6;9;38;60;
6;9;41;60;
6;9;38;41;60;
9;55;60;
9;38;55;60;
9;41;55;60;
9;38;41;55;60;
6;9;55;60;
6;9;38;55;60;
6;9;41;55;60;
6;9;38;41;55;60;
32;
32;38;
32;41;
32;38;41;
6;32;
6;32;38;
6;32;41;
6;32;38;41;
32;55;
32;38;55;
32;41;55;
32;38;41;55;
6;32;55;
6;32;38;55;
6;32;41;55;
6;32;38;41;55;
32;60;
32;38;60;
32;41;60;
32;38;41;60;
6;32;60;
6;32;38;60;
6;32;41;60;
6;32;38;41;60;
32;55;60;
32;38;55;60;
32;41;55;60;
32;38;41;55;60;
6;32;55;60;
6;32;38;55;60;
6;32;41;55;60;
6;32;38;41;55;60;
9;32;
9;32;38;
9;32;41;
9;32;38;41;
6;9;32;
6;9;32;38;
6;9;32;41;
6;9;32;38;41;
9;32;55;
9;32;38;55;
9;32;41;55;
9;32;38;41;55;
6;9;32;55;
6;9;32;38;55;
6;9;32;41;55;
6;9;32;38;41;55;
9;32;60;
9;32;38;60;
9;32;41;60;
9;32;38;41;60;
6;9;32;60;
6;9;32;38;60;
6;9;32;41;60;
6;9;32;38;41;60;
9;32;55;60;
9;32;38;55;60;
9;32;41;55;60;
9;32;38;41;55;60;
6;9;32;55;60;
6;9;32;38;55;60;
6;9;32;41;55;60;
6;9;32;38;41;55;60;
49;
38;49;
41;49;
38;41;49;
6;49;
6;38;49;
6;41;49;
6;38;41;49;
49;55;
38;49;55;
41;49;55;
38;41;49;55;
6;49;55;
6;38;49;55;
6;41;49;55;
6;38;41;49;55;
49;60;
38;49;60;
41;49;60;
38;41;49;60;
6;49;60;
6;38;49;60;
6;41;49;60;
6;38;41;49;60;
49;55;60;
38;49;55;60;
41;49;55;60;
38;41;49;55;60;
6;49;55;60;
6;38;49;55;60;
6;41;49;55;60;
6;38;41;49;55;60;
9;49;
9;38;49;
9;41;49;
9;38;41;49;
6;9;49;
6;9;38;49;
6;9;41;49;
6;9;38;41;49;
9;49;55;
9;38;49;55;
9;41;49;55;
9;38;41;49;55;
6;9;49;55;
6;9;38;49;55;
6;9;41;49;55;
6;9;38;41;49;55;
9;49;60;
9;38;49;60;
9;41;49;60;
9;38;41;49;60;
6;9;49;60;
6;9;38;49;60;
6;9;41;49;60;
6;9;38;41;49;60;
9;49;55;60;
9;38;49;55;60;
9;41;49;55;60;
9;38;41;49;55;60;
6;9;49;55;60;
6;9;38;49;55;60;
6;9;41;49;55;60;
6;9;38;41;49;55;60;
32;49;
32;38;49;
32;41;49;
32;38;41;49;
6;32;49;
6;32;38;49;
6;32;41;49;
6;32;38;41;49;
32;49;55;
32;38;49;55;
32;41;49;55;
32;38;41;49;55;
6;32;49;55;
6;32;38;49;55;
6;32;41;49;55;
6;32;38;41;49;55;
32;49;60;
32;38;49;60;
32;41;49;60;
32;38;41;49;60;
6;32;49;60;
6;32;38;49;60;
6;32;41;49;60;
6;32;38;41;49;60;
32;49;55;60;
32;38;49;55;60;
32;41;49;55;60;
32;38;41;49;55;60;
6;32;49;55;60;
6;32;38;49;55;60;
6;32;41;49;55;60;
6;32;38;41;49;55;60;
9;32;49;
9;32;38;49;
9;32;41;49;
9;32;38;41;49;
6;9;32;49;
6;9;32;38;49;
6;9;32;41;49;
6;9;32;38;41;49;
9;32;49;55;
9;32;38;49;55;
9;32;41;49;55;
9;32;38;41;49;55;
6;9;32;49;55;
6;9;32;38;49;55;
6;9;32;41;49;55;
6;9;32;38;41;49;55;
9;32;49;60;
9;32;38;49;60;
9;32;41;49;60;
9;32;38;41;49;60;
6;9;32;49;60;
6;9;32;38;49;60;
6;9;32;41;49;60;
6;9;32;38;41;49;60;
9;32;49;55;60;
9;32;38;49;55;60;
9;32;41;49;55;60;
9;32;38;41;49;55;60;
6;9;32;49;55;60;
6;9;32;38;49;55;60;
6;9;32;41;49;55;60;
6;9;32;38;41;49;55;60;
22;
22;38;
22;41;
22;38;41;
6;22;
6;22;38;
6;22;41;
6;22;38;41;
22;55;
22;38;55;
22;41;55;
22;38;41;55;
6;22;55;
6;22;38;55;
6;22;41;55;
6;22;38;41;55;
22;60;
22;38;60;
22;41;60;
22;38;41;60;
6;22;60;
6;22;38;60;
6;22;41;60;
6;22;38;41;60;
22;55;60;
22;38;55;60;
22;41;55;60;
22;38;41;55;60;
6;22;55;60;
6;22;38;55;60;
6;22;41;55;60;
6;22;38;41;55;60;
9;22;
9;22;38;
9;22;41;
9;22;38;41;
6;9;22;
6;9;22;38;
6;9;22;41;
6;9;22;38;41;
9;22;55;
9;22;38;55;
9;22;41;55;
9;22;38;41;55;
6;9;22;55;
6;9;22;38;55;
6;9;22;41;55;
6;9;22;38;41;55;
9;22;60;
9;22;38;60;
9;22;41;60;
9;22;38;41;60;
6;9;22;60;
6;9;22;38;60;
6;9;22;41;60;
6;9;22;38;41;60;
9;22;55;60;
9;22;38;55;60;
9;22;41;55;60;
9;22;38;41;55;60;
6;9;22;55;60;
6;9;22;38;55;60;
6;9;22;41;55;60;
6;9;22;38;41;55;60;
22;32;
22;32;38;
22;32;41;
22;32;38;41;
6;22;32;
6;22;32;38;
6;22;32;41;
6;22;32;38;41;
22;32;55;
22;32;38;55;
22;32;41;55;
22;32;38;41;55;
6;22;32;55;
6;22;32;38;55;
6;22;32;41;55;
6;22;32;38;41;55;
22;32;60;
22;32;38;60;
22;32;41;60;
22;32;38;41;60;
6;22;32;60;
6;22;32;38;60;
6;22;32;41;60;
6;22;32;38;41;60;
22;32;55;60;
22;32;38;55;60;
22;32;41;55;60;
22;32;38;41;55;60;
6;22;32;55;60;
6;22;32;38;55;60;
6;22;32;41;55;60;
6;22;32;38;41;55;60;
9;22;32;
9;22;32;38;
9;22;32;41;
9;22;32;38;41;
6;9;22;32;
6;9;22;32;38;
6;9;22;32;41;
6;9;22;32;38;41;
9;22;32;55;
9;22;32;38;55;
9;22;32;41;55;
9;22;32;38;41;55;
6;9;22;32;55;
6;9;22;32;38;55;
6;9;22;32;41;55;
6;9;22;32;38;41;55;
9;22;32;60;
9;22;32;38;60;
9;22;32;41;60;
9;22;32;38;41;60;
6;9;22;32;60;
6;9;22;32;38;60;
6;9;22;32;41;60;
6;9;22;32;38;41;60;
9;22;32;55;60;
9;22;32;38;55;60;
9;22;32;41;55;60;
9;22;32;38;41;55;60;
6;9;22;32;55;60;
6;9;22;32;38;55;60;
6;9;22;32;41;55;60;
6;9;22;32;38;41;55;60;
22;49;
22;38;49;
22;41;49;
22;38;41;49;
6;22;49;
6;22;38;49;
6;22;41;49;
6;22;38;41;49;
22;49;55;
22;38;49;55;
22;41;49;55;
22;38;41;49;55;
6;22;49;55;
6;22;38;49;55;
6;22;41;49;55;
6;22;38;41;49;55;
22;49;60;
22;38;49;60;
22;41;49;60;
22;38;41;49;60;
6;22;49;60;
6;22;38;49;60;
6;22;41;49;60;
6;22;38;41;49;60;
22;49;55;60;
22;38;49;55;60;
22;41;49;55;60;
22;38;41;49;55;60;
6;22;49;55;60;
6;22;38;49;55;60;
6;22;41;49;55;60;
6;22;38;41;49;55;60;
9;22;49;
9;22;38;49;
9;22;41;49;
9;22;38;41;49;
6;9;22;49;
6;9;22;38;49;
6;9;22;41;49;
6;9;22;38;41;49;
9;22;49;55;
9;22;38;49;55;
9;22;41;49;55;
9;22;38;41;49;55;
6;9;22;49;55;
6;9;22;38;49;55;
6;9;22;41;49;55;
6;9;22;38;41;49;55;
9;22;49;60;
9;22;38;49;60;
9;22;41;49;60;
9;22;38;41;49;60;
6;9;22;49;60;
6;9;22;38;49;60;
6;9;22;41;49;60;
6;9;22;38;41;49;60;
9;22;49;55;60;
9;22;38;49;55;60;
9;22;41;49;55;60;
9;22;38;41;49;55;60;
6;9;22;49;55;60;
6;9;22;38;49;55;60;
6;9;22;41;49;55;60;
6;9;22;38;41;49;55;60;
22;32;49;
22;32;38;49;
22;32;41;49;
22;32;38;41;49;
6;22;32;49;
6;22;32;38;49;
6;22;32;41;49;
6;22;32;38;41;49;
22;32;49;55;
22;32;38;49;55;
22;32;41;49;55;
22;32;38;41;49;55;
6;22;32;49;55;
6;22;32;38;49;55;
6;22;32;41;49;55;
6;22;32;38;41;49;55;
22;32;49;60;
22;32;38;49;60;
22;32;41;49;60;
22;32;38;41;49;60;
6;22;32;49;60;
6;22;32;38;49;60;
6;22;32;41;49;60;
6;22;32;38;41;49;60;
22;32;49;55;60;
22;32;38;49;55;60;
22;32;41;49;55;60;
22;32;38;41;49;55;60;
6;22;32;49;55;60;
6;22;32;38;49;55;60;
6;22;32;41;49;55;60;
6;22;32;38;41;49;55;60;
9;22;32;49;
9;22;32;38;49;
9;22;32;41;49;
9;22;32;38;41;49;
6;9;22;32;49;
6;9;22;32;38;49;
6;9;22;32;41;49;
6;9;22;32;38;41;49;
9;22;32;49;55;
9;22;32;38;49;55;
9;22;32;41;49;55;
9;22;32;38;41;49;55;
6;9;22;32;49;55;
6;9;22;32;38;49;55;
6;9;22;32;41;49;55;
6;9;22;32;38;41;49;55;
9;22;32;49;60;
9;22;32;38;49;60;
9;22;32;41;49;60;
9;22;32;38;41;49;60;
6;9;22;32;49;60;
6;9;22;32;38;49;60;
6;9;22;32;41;49;60;
6;9;22;32;38;41;49;60;
9;22;32;49;55;60;
9;22;32;38;49;55;60;
9;22;32;41;49;55;60;
9;22;32;38;41;49;55;60;
6;9;22;32;49;55;60;
6;9;22;32;38;49;55;60;
6;9;22;32;41;49;55;60;
6;9;22;32;38;41;49;55;60;
16;
16;38;
16;41;
16;38;41;
6;16;
6;16;38;
6;16;41;
6;16;38;41;
16;55;
16;38;55;
16;41;55;
16;38;41;55;
6;16;55;
6;16;38;55;
6;16;41;55;
6;16;38;41;55;
16;60;
16;38;60;
16;41;60;
16;38;41;60;
6;16;60;
6;16;38;60;
6;16;41;60;
6;16;38;41;60;
16;55;60;
16;38;55;60;
16;41;55;60;
16;38;41;55;60;
6;16;55;60;
6;16;38;55;60;
6;16;41;55;60;
6;16;38;41;55;60;
9;16;
9;16;38;
9;16;41;
9;16;38;41;
6;9;16;
6;9;16;38;
6;9;16;41;
6;9;16;38;41;
9;16;55;
9;16;38;55;
9;16;41;55;
9;16;38;41;55;
6;9;16;55;
6;9;16;38;55;
6;9;16;41;55;
6;9;16;38;41;55;
9;16;60;
9;16;38;60;
9;16;41;60;
9;16;38;41;60;
6;9;16;60;
6;9;16;38;60;
6;9;16;41;60;
6;9;16;38;41;60;
9;16;55;60;
9;16;38;55;60;
9;16;41;55;60;
9;16;38;41;55;60;
6;9;16;55;60;
6;9;16;38;55;60;
6;9;16;41;55;60;
6;9;16;38;41;55;60;
16;32;
16;32;38;
16;32;41;
16;32;38;41;
6;16;32;
6;16;32;38;
6;16;32;41;
6;16;32;38;41;
16;32;55;
16;32;38;55;
16;32;41;55;
16;32;38;41;55;
6;16;32;55;
6;16;32;38;55;
6;16;32;41;55;
6;16;32;38;41;55;
16;32;60;
16;32;38;60;
16;32;41;60;
16;32;38;41;60;
6;16;32;60;
6;16;32;38;60;
6;16;32;41;60;
6;16;32;38;41;60;
16;32;55;60;
16;32;38;55;60;
16;32;41;55;60;
16;32;38;41;55;60;
6;16;32;55;60;
6;16;32;38;55;60;
6;16;32;41;55;60;
6;16;32;38;41;55;60;
9;16;32;
9;16;32;38;
9;16;32;41;
9;16;32;38;41;
6;9;16;32;
6;9;16;32;38;
6;9;16;32;41;
6;9;16;32;38;41;
9;16;32;55;
9;16;32;38;55;
9;16;32;41;55;
9;16;32;38;41;55;
6;9;16;32;55;
6;9;16;32;38;55;
6;9;16;32;41;55;
6;9;16;32;38;41;55;
9;16;32;60;
9;16;32;38;60;
9;16;32;41;60;
9;16;32;38;41;60;
6;9;16;32;60;
6;9;16;32;38;60;
6;9;16;32;41;60;
6;9;16;32;38;41;60;
9;16;32;55;60;
9;16;32;38;55;60;
9;16;32;41;55;60;
9;16;32;38;41;55;60;
6;9;16;32;55;60;
6;9;16;32;38;55;60;
6;9;16;32;41;55;60;
6;9;16;32;38;41;55;60;
16;49;
16;38;49;
16;41;49;
16;38;41;49;
6;16;49;
6;16;38;49;
6;16;41;49;
6;16;38;41;49;
16;49;55;
16;38;49;55;
16;41;49;55;
16;38;41;49;55;
6;16;49;55;
6;16;38;49;55;
6;16;41;49;55;
6;16;38;41;49;55;
16;49;60;
16;38;49;60;
16;41;49;60;
16;38;41;49;60;
6;16;49;60;
6;16;38;49;60;
6;16;41;49;60;
6;16;38;41;49;60;
16;49;55;60;
16;38;49;55;60;
16;41;49;55;60;
16;38;41;49;55;60;
6;16;49;55;60;
6;16;38;49;55;60;
6;16;41;49;55;60;
6;16;38;41;49;55;60;
9;16;49;
9;16;38;49;
9;16;41;49;
9;16;38;41;49;
6;9;16;49;
6;9;16;38;49;
6;9;16;41;49;
6;9;16;38;41;49;
9;16;49;55;
9;16;38;49;55;
9;16;41;49;55;
9;16;38;41;49;55;
6;9;16;49;55;
6;9;16;38;49;55;
6;9;16;41;49;55;
6;9;16;38;41;49;55;
9;16;49;60;
9;16;38;49;60;
9;16;41;49;60;
9;16;38;41;49;60;
6;9;16;49;60;
6;9;16;38;49;60;
6;9;16;41;49;60;
6;9;16;38;41;49;60;
9;16;49;55;60;
9;16;38;49;55;60;
9;16;41;49;55;60;
9;16;38;41;49;55;60;
6;9;16;49;55;60;
6;9;16;38;49;55;60;
6;9;16;41;49;55;60;
6;9;16;38;41;49;55;60;
16;32;49;
16;32;38;49;
16;32;41;49;
16;32;38;41;49;
6;16;32;49;
6;16;32;38;49;
6;16;32;41;49;
6;16;32;38;41;49;
16;32;49;55;
16;32;38;49;55;
16;32;41;49;55;
16;32;38;41;49;55;
6;16;32;49;55;
6;16;32;38;49;55;
6;16;32;41;49;55;
6;16;32;38;41;49;55;
16;32;49;60;
16;32;38;49;60;
16;32;41;49;60;
16;32;38;41;49;60;
6;16;32;49;60;
6;16;32;38;49;60;
6;16;32;41;49;60;
6;16;32;38;41;49;60;
16;32;49;55;60;
16;32;38;49;55;60;
16;32;41;49;55;60;
16;32;38;41;49;55;60;
6;16;32;49;55;60;
6;16;32;38;49;55;60;
6;16;32;41;49;55;60;
6;16;32;38;41;49;55;60;
9;16;32;49;
9;16;32;38;49;
9;16;32;41;49;
9;16;32;38;41;49;
6;9;16;32;49;
6;9;16;32;38;49;
6;9;16;32;41;49;
6;9;16;32;38;41;49;
9;16;32;49;55;
9;16;32;38;49;55;
9;16;32;41;49;55;
9;16;32;38;41;49;55;
6;9;16;32;49;55;
6;9;16;32;38;49;55;
6;9;16;32;41;49;55;
6;9;16;32;38;41;49;55;
9;16;32;49;60;
9;16;32;38;49;60;
9;16;32;41;49;60;
9;16;32;38;41;49;60;
6;9;16;32;49;60;
6;9;16;32;38;49;60;
6;9;16;32;41;49;60;
6;9;16;32;38;41;49;60;
9;16;32;49;55;60;
9;16;32;38;49;55;60;
9;16;32;41;49;55;60;
9;16;32;38;41;49;55;60;
6;9;16;32;49;55;60;
6;9;16;32;38;49;55;60;
6;9;16;32;41;49;55;60;
6;9;16;32;38;41;49;55;60;
16;22;
16;22;38;
16;22;41;
16;22;38;41;
6;16;22;
6;16;22;38;
6;16;22;41;
6;16;22;38;41;
16;22;55;
16;22;38;55;
16;22;41;55;
16;22;38;41;55;
6;16;22;55;
6;16;22;38;55;
6;16;22;41;55;
6;16;22;38;41;55;
16;22;60;
16;22;38;60;
16;22;41;60;
16;22;38;41;60;
6;16;22;60;
6;16;22;38;60;
6;16;22;41;60;
6;16;22;38;41;60;
16;22;55;60;
16;22;38;55;60;
16;22;41;55;60;
16;22;38;41;55;60;
6;16;22;55;60;
6;16;22;38;55;60;
6;16;22;41;55;60;
6;16;22;38;41;55;60;
9;16;22;
9;16;22;38;
9;16;22;41;
9;16;22;38;41;
6;9;16;22;
6;9;16;22;38;
6;9;16;22;41;
6;9;16;22;38;41;
9;16;22;55;
9;16;22;38;55;
9;16;22;41;55;
9;16;22;38;41;55;
6;9;16;22;55;
6;9;16;22;38;55;
6;9;16;22;41;55;
6;9;16;22;38;41;55;
9;16;22;60;
9;16;22;38;60;
9;16;22;41;60;
9;16;22;38;41;60;
6;9;16;22;60;
6;9;16;22;38;60;
6;9;16;22;41;60;
6;9;16;22;38;41;60;
9;16;22;55;60;
9;16;22;38;55;60;
9;16;22;41;55;60;
9;16;22;38;41;55;60;
6;9;16;22;55;60;
6;9;16;22;38;55;60;
6;9;16;22;41;55;60;
6;9;16;22;38;41;55;60;
16;22;32;
16;22;32;38;
16;22;32;41;
16;22;32;38;41;
6;16;22;32;
6;16;22;32;38;
6;16;22;32;41;
6;16;22;32;38;41;
16;22;32;55;
16;22;32;38;55;
16;22;32;41;55;
16;22;32;38;41;55;
6;16;22;32;55;
6;16;22;32;38;55;
6;16;22;32;41;55;
6;16;22;32;38;41;55;
16;22;32;60;
16;22;32;38;60;
16;22;32;41;60;
16;22;32;38;41;60;
6;16;22;32;60;
6;16;22;32;38;60;
6;16;22;32;41;60;
6;16;22;32;38;41;60;
16;22;32;55;60;
16;22;32;38;55;60;
16;22;32;41;55;60;
16;22;32;38;41;55;60;
6;16;22;32;55;60;
6;16;22;32;38;55;60;
6;16;22;32;41;55;60;
6;16;22;32;38;41;55;60;
9;16;22;32;
9;16;22;32;38;
9;16;22;32;41;
9;16;22;32;38;41;
6;9;16;22;32;
6;9;16;22;32;38;
6;9;16;22;32;41;
6;9;16;22;32;38;41;
9;16;22;32;55;
9;16;22;32;38;55;
9;16;22;32;41;55;
9;16;22;32;38;41;55;
6;9;16;22;32;55;
6;9;16;22;32;38;55;
6;9;16;22;32;41;55;
6;9;16;22;32;38;41;55;
9;16;22;32;60;
9;16;22;32;38;60;
9;16;22;32;41;60;
9;16;22;32;38;41;60;
6;9;16;22;32;60;
6;9;16;22;32;38;60;
6;9;16;22;32;41;60;
6;9;16;22;32;38;41;60;
9;16;22;32;55;60;
9;16;22;32;38;55;60;
9;16;22;32;41;55;60;
9;16;22;32;38;41;55;60;
6;9;16;22;32;55;60;
6;9;16;22;32;38;55;60;
6;9;16;22;32;41;55;60;
6;9;16;22;32;38;41;55;60;
16;22;49;
16;22;38;49;
16;22;41;49;
16;22;38;41;49;
6;16;22;49;
6;16;22;38;49;
6;16;22;41;49;
6;16;22;38;41;49;
16;22;49;55;
16;22;38;49;55;
16;22;41;49;55;
16;22;38;41;49;55;
6;16;22;49;55;
6;16;22;38;49;55;
6;16;22;41;49;55;
6;16;22;38;41;49;55;
16;22;49;60;
16;22;38;49;60;
16;22;41;49;60;
16;22;38;41;49;60;
6;16;22;49;60;
6;16;22;38;49;60;
6;16;22;41;49;60;
6;16;22;38;41;49;60;
16;22;49;55;60;
16;22;38;49;55;60;
16;22;41;49;55;60;
16;22;38;41;49;55;60;
6;16;22;49;55;60;
6;16;22;38;49;55;60;
6;16;22;41;49;55;60;
6;16;22;38;41;49;55;60;
9;16;22;49;
9;16;22;38;49;
9;16;22;41;49;
9;16;22;38;41;49;
6;9;16;22;49;
6;9;16;22;38;49;
6;9;16;22;41;49;
6;9;16;22;38;41;49;
9;16;22;49;55;
9;16;22;38;49;55;
9;16;22;41;49;55;
9;16;22;38;41;49;55;
6;9;16;22;49;55;
6;9;16;22;38;49;55;
6;9;16;22;41;49;55;
6;9;16;22;38;41;49;55;
9;16;22;49;60;
9;16;22;38;49;60;
9;16;22;41;49;60;
9;16;22;38;41;49;60;
6;9;16;22;49;60;
6;9;16;22;38;49;60;
6;9;16;22;41;49;60;
6;9;16;22;38;41;49;60;
9;16;22;49;55;60;
9;16;22;38;49;55;60;
9;16;22;41;49;55;60;
9;16;22;38;41;49;55;60;
6;9;16;22;49;55;60;
6;9;16;22;38;49;55;60;
6;9;16;22;41;49;55;60;
6;9;16;22;38;41;49;55;60;
16;22;32;49;
16;22;32;38;49;
16;22;32;41;49;
16;22;32;38;41;49;
6;16;22;32;49;
6;16;22;32;38;49;
6;16;22;32;41;49;
6;16;22;32;38;41;49;
16;22;32;49;55;
16;22;32;38;49;55;
16;22;32;41;49;55;
16;22;32;38;41;49;55;
6;16;22;32;49;55;
6;16;22;32;38;49;55;
6;16;22;32;41;49;55;
6;16;22;32;38;41;49;55;
16;22;32;49;60;
16;22;32;38;49;60;
16;22;32;41;49;60;
16;22;32;38;41;49;60;
6;16;22;32;49;60;
6;16;22;32;38;49;60;
6;16;22;32;41;49;60;
6;16;22;32;38;41;49;60;
16;22;32;49;55;60;
16;22;32;38;49;55;60;
16;22;32;41;49;55;60;
16;22;32;38;41;49;55;60;
6;16;22;32;49;55;60;
6;16;22;32;38;49;55;60;
6;16;22;32;41;49;55;60;
6;16;22;32;38;41;49;55;60;
9;16;22;32;49;
9;16;22;32;38;49;
9;16;22;32;41;49;
9;16;22;32;38;41;49;
6;9;16;22;32;49;
6;9;16;22;32;38;49;
6;9;16;22;32;41;49;
6;9;16;22;32;38;41;49;
9;16;22;32;49;55;
9;16;22;32;38;49;55;
9;16;22;32;41;49;55;
9;16;22;32;38;41;49;55;
6;9;16;22;32;49;55;
6;9;16;22;32;38;49;55;
6;9;16;22;32;41;49;55;
6;9;16;22;32;38;41;49;55;
9;16;22;32;49;60;
9;16;22;32;38;49;60;
9;16;22;32;41;49;60;
9;16;22;32;38;41;49;60;
6;9;16;22;32;49;60;
6;9;16;22;32;38;49;60;
6;9;16;22;32;41;49;60;
6;9;16;22;32;38;41;49;60;
9;16;22;32;49;55;60;
9;16;22;32;38;49;55;60;
9;16;22;32;41;49;55;60;
9;16;22;32;38;41;49;55;60;
6;9;16;22;32;49;55;60;
6;9;16;22;32;38;49;55;60;
6;9;16;22;32;41;49;55;60;
6;9;16;22;32;38;41;49;55;60;
